{
    "TotalRotation": [
        {
            "type_id": "opencv-matrix",
            "rows": 3,
            "cols": 3,
            "dt": "d",
            "data": [ 1.0, 0.0, 0.0, 0.0, 1.0, 0.0, 0.0, 0.0, 1.0 ]
        },
        {
            "type_id": "opencv-matrix",
            "rows": 3,
            "cols": 3,
            "dt": "d",
            "data": [ 0.99994793472405519, 0.0023124964347294424,
                -0.0099388229351397919, -0.0023136187953751051,
                0.99999731843633799, -0.00010143077883951766,
                0.0099385617252389265, 0.00012442014536465226,
                0.99995060353522525 ]
        },
        {
            "type_id": "opencv-matrix",
            "rows": 3,
            "cols": 3,
            "dt": "d",
            "data": [ 0.99968403469286859, -0.003993015219456361,
                -0.024817062873052294, 0.0039828218710636146,
                0.99999196266148738, -0.00046015472386479227,
                0.024818700814732791, 0.00036116739014978137,
                0.99969190336222347 ]
        },
        {
            "type_id": "opencv-matrix",
            "rows": 3,
            "cols": 3,
            "dt": "d",
            "data": [ 0.99945328021312174, -0.011126607464205429,
                -0.031134213938510982, 0.011085196653840723,
                0.99993742869259783, -0.001502369722042771,
                0.031148982108203174, 0.0011564194626174293,
                0.99951408374652206 ]
        },
        {
            "type_id": "opencv-matrix",
            "rows": 3,
            "cols": 3,
            "dt": "d",
            "data": [ 0.99908635971765147, -0.017445092785633134,
                -0.039014286663124308, 0.017305753419260064,
                0.99984261312737821, -0.0039063887681230654,
                0.039076293641075496, 0.0032276481091656423,
                0.99923101711414064 ]
        },
        {
            "type_id": "opencv-matrix",
            "rows": 3,
            "cols": 3,
            "dt": "d",
            "data": [ 0.99893174007937646, -0.018260388070535372,
                -0.042449227195590945, 0.018073653568710168,
                0.99982523843168236, -0.0047786652642681591,
                0.042529068984257089, 0.004006347781099694,
                0.99908719712985483 ]
        },
        {
            "type_id": "opencv-matrix",
            "rows": 3,
            "cols": 3,
            "dt": "d",
            "data": [ 0.99853867437900135, -0.020982678635987538,
                -0.0498020377764401, 0.020563257879637305,
                0.99974876778153532, -0.0089192905927244041,
                0.04997667650817357, 0.0078821644591317609,
                0.99871928152441158 ]
        },
        {
            "type_id": "opencv-matrix",
            "rows": 3,
            "cols": 3,
            "dt": "d",
            "data": [ 0.99830146704562417, -0.021791189104971614,
                -0.054030778006115596, 0.021332400315244898,
                0.99973144488871901, -0.0090535516513885594,
                0.054213555420622589, 0.0078855677097839569,
                0.99849822645338215 ]
        },
        {
            "type_id": "opencv-matrix",
            "rows": 3,
            "cols": 3,
            "dt": "d",
            "data": [ 0.99756873365228116, -0.032155290258558851,
                -0.061827655201958848, 0.0314361358112554,
                0.99942672267832289, -0.012569620587874013,
                0.062196390607822116, 0.010595437926514904,
                0.9980076881920823 ]
        },
        {
            "type_id": "opencv-matrix",
            "rows": 3,
            "cols": 3,
            "dt": "d",
            "data": [ 0.997267993057533, -0.028286843091826535,
                -0.068237852625204043, 0.027094032724874092,
                0.99946458074863576, -0.018342988296824316,
                0.068720181997024191, 0.016444036513349431,
                0.99750044122769355 ]
        },
        {
            "type_id": "opencv-matrix",
            "rows": 3,
            "cols": 3,
            "dt": "d",
            "data": [ 0.99711080181423173, -0.018874709410438305,
                -0.07357849040345775, 0.017078373527885458,
                0.99954238191453504, -0.024967096632564599,
                0.074016066249309842, 0.023638360799541767,
                0.9969768552156506 ]
        },
        {
            "type_id": "opencv-matrix",
            "rows": 3,
            "cols": 3,
            "dt": "d",
            "data": [ 0.99686969373991929, -0.023855517555204295,
                -0.0753772378444129, 0.02183805079842081,
                0.99938387152900088, -0.027476842340980707,
                0.075986270076938464, 0.025744739460302601,
                0.99677645194392295 ]
        },
        {
            "type_id": "opencv-matrix",
            "rows": 3,
            "cols": 3,
            "dt": "d",
            "data": [ 0.99644658826907262, -0.02194679798073754,
                -0.081317493722558323, 0.019737246973794934,
                0.99941648960887619, -0.027876896881943277,
                0.081881852744188854, 0.026172855332649014,
                0.99629832070264734 ]
        },
        {
            "type_id": "opencv-matrix",
            "rows": 3,
            "cols": 3,
            "dt": "d",
            "data": [ 0.99497093927944724, -0.020819717284644889,
                -0.097976371445171268, 0.018044914999492876,
                0.99941295456258583, -0.029122625141697646,
                0.098525179685376732, 0.027208190396831342,
                0.99476253615789823 ]
        },
        {
            "type_id": "opencv-matrix",
            "rows": 3,
            "cols": 3,
            "dt": "d",
            "data": [ 0.99557999326718194, -0.017846712376608845,
                -0.092206137883900793, 0.015326106127957095,
                0.9994911860396215, -0.027972835038039816,
                0.092658445254995017, 0.026436033863978022,
                0.99534694887585273 ]
        },
        {
            "type_id": "opencv-matrix",
            "rows": 3,
            "cols": 3,
            "dt": "d",
            "data": [ 0.99590990240398403, -0.017980154303581561,
                -0.088544792872911574, 0.015635886746423588,
                0.9995104792944477, -0.027098354677664145,
                0.088988680961908942, 0.025603043408994719,
                0.99570351954226632 ]
        },
        {
            "type_id": "opencv-matrix",
            "rows": 3,
            "cols": 3,
            "dt": "d",
            "data": [ 0.99568897103185594, -0.025192800200976754,
                -0.089268111795634611, 0.022799038607082621,
                0.99935529270097778, -0.027734505388337268,
                0.089909269845311252, 0.025579714004981012,
                0.99562141470907806 ]
        },
        {
            "type_id": "opencv-matrix",
            "rows": 3,
            "cols": 3,
            "dt": "d",
            "data": [ 0.99322807073023622, -0.027359006639933691,
                -0.11291361418876594, 0.023929433947522213,
                0.99921353244723832, -0.031618013303542747,
                0.11368984873085447, 0.028701939481294684,
                0.99310161462237445 ]
        },
        {
            "type_id": "opencv-matrix",
            "rows": 3,
            "cols": 3,
            "dt": "d",
            "data": [ 0.99359163064346401, -0.029290153740594755,
                -0.10916848633701534, 0.025684326905049588,
                0.99908179022577592, -0.034291278638937266,
                0.1100726435891194, 0.031267608368901779,
                0.99343160298039201 ]
        },
        {
            "type_id": "opencv-matrix",
            "rows": 3,
            "cols": 3,
            "dt": "d",
            "data": [ 0.9937795280993319, -0.032879472001812994,
                -0.10640108012399145, 0.029271119094172085,
                0.99894803995162007, -0.035298938564653944,
                0.10744976090082671, 0.031964883821131246,
                0.99369653067959152 ]
        },
        {
            "type_id": "opencv-matrix",
            "rows": 3,
            "cols": 3,
            "dt": "d",
            "data": [ 0.99345188567486165, -0.036728190719543835,
                -0.10818683309687516, 0.033185364998526784,
                0.99885812673468177, -0.0343682150539825,
                0.10932557980169524, 0.030552948508303597,
                0.99353632794099267 ]
        },
        {
            "type_id": "opencv-matrix",
            "rows": 3,
            "cols": 3,
            "dt": "d",
            "data": [ 0.99222362652908991, -0.038338938775270233,
                -0.11841621819264367, 0.034518604237169591,
                0.99882053265118242, -0.034146881496346322,
                0.11958570532876971, 0.02979378002190964,
                0.99237673781332969 ]
        },
        {
            "type_id": "opencv-matrix",
            "rows": 3,
            "cols": 3,
            "dt": "d",
            "data": [ 0.99098419059307552, -0.039253114953577077,
                -0.12809967588182675, 0.035418659438570588,
                0.99885766740426918, -0.032076141153148052,
                0.12921243190251594, 0.027249829983751968,
                0.99124244976075027 ]
        },
        {
            "type_id": "opencv-matrix",
            "rows": 3,
            "cols": 3,
            "dt": "d",
            "data": [ 0.99031554835762459, -0.045667105253022651,
                -0.13110922995330104, 0.042048346332237731,
                0.99865785287307829, -0.030239534812181567,
                0.13231421409607652, 0.024433755191175691,
                0.99090662544731956 ]
        },
        {
            "type_id": "opencv-matrix",
            "rows": 3,
            "cols": 3,
            "dt": "d",
            "data": [ 0.98771373252679939, -0.052600208512705394,
                -0.14715570203834791, 0.048066010060009663,
                0.99825839593026078, -0.034202830754978895,
                0.14869849109822911, 0.026709418173419652,
                0.98852180842202286 ]
        },
        {
            "type_id": "opencv-matrix",
            "rows": 3,
            "cols": 3,
            "dt": "d",
            "data": [ 0.98580691451216429, -0.061119450798722351,
                -0.15636220781912069, 0.056241395440746945,
                0.99778809415466641, -0.035437615637569975,
                0.15818227694304066, 0.026140617767397543,
                0.98706384563707594 ]
        },
        {
            "type_id": "opencv-matrix",
            "rows": 3,
            "cols": 3,
            "dt": "d",
            "data": [ 0.98360934320251392, -0.066691120798510056,
                -0.16752598118309522, 0.061721587082089198,
                0.99748989540886435, -0.034703807360012578,
                0.16941990925740771, 0.023795019727903797,
                0.98525666269422396 ]
        },
        {
            "type_id": "opencv-matrix",
            "rows": 3,
            "cols": 3,
            "dt": "d",
            "data": [ 0.98170679797559546, -0.06450954636895706,
                -0.17913760419235167, 0.058991707011505037,
                0.99761036368797573, -0.035965827756546338,
                0.18102966970188331, 0.024740264542162861,
                0.98316640402223365 ]
        },
        {
            "type_id": "opencv-matrix",
            "rows": 3,
            "cols": 3,
            "dt": "d",
            "data": [ 0.97828927349344319, -0.061558865196832985,
                -0.19789038249331375, 0.05499571367703561,
                0.99774416323408366, -0.038497483157629867,
                0.19981383546898179, 0.026778552014562595,
                0.97946788630724235 ]
        },
        {
            "type_id": "opencv-matrix",
            "rows": 3,
            "cols": 3,
            "dt": "d",
            "data": [ 0.97593436383275134, -0.064284071399668741,
                -0.20837388429130516, 0.057517387843416708,
                0.99760656732356212, -0.038378209032855583,
                0.21034226295738537, 0.025469491498298188,
                0.97729598250314287 ]
        },
        {
            "type_id": "opencv-matrix",
            "rows": 3,
            "cols": 3,
            "dt": "d",
            "data": [ 0.97405257225197384, -0.064284517422257062,
                -0.2170002011729526, 0.056783363810430504,
                0.99755927609425732, -0.040634225385432501,
                0.21908271516412836, 0.027257870388006762,
                0.97532546999359304 ]
        },
        {
            "type_id": "opencv-matrix",
            "rows": 3,
            "cols": 3,
            "dt": "d",
            "data": [ 0.97422833153339872, -0.070058339962855792,
                -0.21440845841360864, 0.062632226668992597,
                0.9971841206657861, -0.041243589495672112,
                0.21669416748065715, 0.026751794213706773,
                0.97587293193643387 ]
        },
        {
            "type_id": "opencv-matrix",
            "rows": 3,
            "cols": 3,
            "dt": "d",
            "data": [ 0.97078709823418219, -0.073251096314402464,
                -0.22848782635141748, 0.065170107122201212,
                0.99695910978800062, -0.042724589505329147,
                0.23092264297755238, 0.026585904149684411,
                0.97260882304285357 ]
        },
        {
            "type_id": "opencv-matrix",
            "rows": 3,
            "cols": 3,
            "dt": "d",
            "data": [ 0.97040583725311136, -0.075051790888954389,
                -0.2295206738170868, 0.066804899742305454,
                0.99681719169592242, -0.043503927522417767,
                0.23205520118176479, 0.026883359608053704,
                0.97233104886179278 ]
        },
        {
            "type_id": "opencv-matrix",
            "rows": 3,
            "cols": 3,
            "dt": "d",
            "data": [ 0.96687771706093317, -0.07960954896849419,
                -0.24250731940308914, 0.071132985342318225,
                0.9965167306910887, -0.043525898601112598,
                0.24512767825630877, 0.024833951875964676,
                0.96917268646350796 ]
        },
        {
            "type_id": "opencv-matrix",
            "rows": 3,
            "cols": 3,
            "dt": "d",
            "data": [ 0.9646393351241066, -0.083366135691242835,
                -0.25004207756142116, 0.074243142040693225,
                0.996191772302918, -0.045715518764388445,
                0.25290098653672316, 0.025535078145190793,
                0.96715513274389986 ]
        },
        {
            "type_id": "opencv-matrix",
            "rows": 3,
            "cols": 3,
            "dt": "d",
            "data": [ 0.96191022591762865, -0.083765090845451112,
                -0.26021553918002488, 0.073546866490737578,
                0.99609817465871719, -0.048777913761926445,
                0.26328610997257579, 0.027781936527636816,
                0.964317680175098 ]
        },
        {
            "type_id": "opencv-matrix",
            "rows": 3,
            "cols": 3,
            "dt": "d",
            "data": [ 0.9554700626203052, -0.084573088409671232,
                -0.28270895308284999, 0.073132957834424403,
                0.99602772414350249, -0.050797078812703615,
                0.2858820209714828, 0.027859746128880297,
                0.95785975206754281 ]
        },
        {
            "type_id": "opencv-matrix",
            "rows": 3,
            "cols": 3,
            "dt": "d",
            "data": [ 0.95397470260904682, -0.090474254582080083,
                -0.28591375629689253, 0.078774732868293826,
                0.99552563676543415, -0.052184748771137539,
                0.28935585054308255, 0.027260150414015732,
                0.95683335850914719 ]
        },
        {
            "type_id": "opencv-matrix",
            "rows": 3,
            "cols": 3,
            "dt": "d",
            "data": [ 0.95249677694074553, -0.089947778808701195,
                -0.29096269005642961, 0.077820525131418058,
                0.99555700809950287, -0.053011409076136377,
                0.29443820367907958, 0.027850326952266052,
                0.95526462485684471 ]
        },
        {
            "type_id": "opencv-matrix",
            "rows": 3,
            "cols": 3,
            "dt": "d",
            "data": [ 0.95102880961009861, -0.092360515687856345,
                -0.29498091198156079, 0.079798683407401913,
                0.99532712473210783, -0.05436988963535648,
                0.29862413401807492, 0.028168243012102419,
                0.95395501815733719 ]
        },
        {
            "type_id": "opencv-matrix",
            "rows": 3,
            "cols": 3,
            "dt": "d",
            "data": [ 0.94628577816561121, -0.095658288038000458,
                -0.30885711578518654, 0.082875006192952086,
                0.99508069351319584, -0.054278418785147338,
                0.31252993359040537, 0.025766360374267591,
                0.94955838961226591 ]
        },
        {
            "type_id": "opencv-matrix",
            "rows": 3,
            "cols": 3,
            "dt": "d",
            "data": [ 0.93845628865462594, -0.095515155640450947,
                -0.3319286810861144, 0.080828043517008105,
                0.99505016716950456, -0.057809966244187667,
                0.33580741752647375, 0.02742298048939816,
                0.94153139006369735 ]
        },
        {
            "type_id": "opencv-matrix",
            "rows": 3,
            "cols": 3,
            "dt": "d",
            "data": [ 0.93912976240723323, -0.098046141576465601,
                -0.32927533081435512, 0.08378634199654654,
                0.99483734667336032, -0.057258209531443803,
                0.33318934295048047, 0.026184113234490963,
                0.94249628856476153 ]
        },
        {
            "type_id": "opencv-matrix",
            "rows": 3,
            "cols": 3,
            "dt": "d",
            "data": [ 0.93244858684671983, -0.099001942969765111,
                -0.34747409712922256, 0.084007783483299223,
                0.99477598165626302, -0.057995160436386924,
                0.35140051963789115, 0.024886976675171299,
                0.93589439211386949 ]
        },
        {
            "type_id": "opencv-matrix",
            "rows": 3,
            "cols": 3,
            "dt": "d",
            "data": [ 0.93185444849548682, -0.098060191731228846,
                -0.34933005255318167, 0.082804183612776805,
                0.99485433705531923, -0.058380777816364131,
                0.35325734811238585, 0.025476397701731043,
                0.93517923371124301 ]
        },
        {
            "type_id": "opencv-matrix",
            "rows": 3,
            "cols": 3,
            "dt": "d",
            "data": [ 0.92660032820336025, -0.099110848054953724,
                -0.36275180436664256, 0.082414715652444043,
                0.99471366968290631, -0.06125789736755384,
                0.36690550066379979, 0.026865500996535403,
                0.92987020515706986 ]
        },
        {
            "type_id": "opencv-matrix",
            "rows": 3,
            "cols": 3,
            "dt": "d",
            "data": [ 0.9225613542757426, -0.102741446780417,
                -0.37192034457713719, 0.085628603439290754,
                0.99437816502980991, -0.062288098261109447,
                0.37622903911041494, 0.025617572590229731,
                0.92617247319526719 ]
        },
        {
            "type_id": "opencv-matrix",
            "rows": 3,
            "cols": 3,
            "dt": "d",
            "data": [ 0.9216124280020126, -0.10699958530749229,
                -0.37307053126220213, 0.090914859168523168,
                0.99401913585908797, -0.06050161922064811,
                0.37731289526678569, 0.021841389378365633,
                0.9258282415088761 ]
        },
        {
            "type_id": "opencv-matrix",
            "rows": 3,
            "cols": 3,
            "dt": "d",
            "data": [ 0.92051710858688729, -0.11048613006076886,
                -0.37475467690615083, 0.094225448061026396,
                0.99364934093961432, -0.061502456763691198,
                0.3791699061588843, 0.021302636326655983,
                0.92508182338050338 ]
        },
        {
            "type_id": "opencv-matrix",
            "rows": 3,
            "cols": 3,
            "dt": "d",
            "data": [ 0.9211549904097398, -0.11675311470563496,
                -0.37127105172604918, 0.10056243167807175,
                0.99295010662170002, -0.062747773625430353,
                0.37597962840854382, 0.020464505038919351,
                0.92640192306324853 ]
        },
        {
            "type_id": "opencv-matrix",
            "rows": 3,
            "cols": 3,
            "dt": "d",
            "data": [ 0.91891775294688882, -0.12246079323253693,
                -0.37495802090354063, 0.10618520090003238,
                0.9922941492906725, -0.063851580977457301,
                0.37988796562784355, 0.018859358535190558,
                0.92484023386030267 ]
        },
        {
            "type_id": "opencv-matrix",
            "rows": 3,
            "cols": 3,
            "dt": "d",
            "data": [ 0.9188112310861718, -0.12620139648854045,
                -0.37397744471325706, 0.10897353770460792,
                0.99178732170903872, -0.066952793648617462,
                0.37935562432901554, 0.020763333584811774,
                0.92501794267375614 ]
        },
        {
            "type_id": "opencv-matrix",
            "rows": 3,
            "cols": 3,
            "dt": "d",
            "data": [ 0.91898057219637963, -0.12941204523688818,
                -0.37246104557822135, 0.11247788257748075,
                0.99139666776861812, -0.06694305840164938,
                0.3779198775620336, 0.019625740365290696,
                0.92563026984785435 ]
        },
        {
            "type_id": "opencv-matrix",
            "rows": 3,
            "cols": 3,
            "dt": "d",
            "data": [ 0.91666431861080577, -0.13600276810589434,
                -0.37580550029679327, 0.11936069309102743,
                0.99056481984342881, -0.067337676180464157,
                0.38141781805602376, 0.01686964006995487,
                0.92424881028502925 ]
        },
        {
            "type_id": "opencv-matrix",
            "rows": 3,
            "cols": 3,
            "dt": "d",
            "data": [ 0.91166721316060184, -0.14104757024587222,
                -0.38596434469484225, 0.1241774219876299,
                0.98989716298921371, -0.068436646428737397,
                0.39171783252296422, 0.014463389424394154,
                0.91997171154871338 ]
        },
        {
            "type_id": "opencv-matrix",
            "rows": 3,
            "cols": 3,
            "dt": "d",
            "data": [ 0.9113401814009342, -0.14731657855258662,
                -0.3843915964842019, 0.13225266474512382,
                0.98904977416972129, -0.065496388317502097,
                0.38983112552992422, 0.0088526774697104717,
                0.92084381068109999 ]
        },
        {
            "type_id": "opencv-matrix",
            "rows": 3,
            "cols": 3,
            "dt": "d",
            "data": [ 0.91035096770034507, -0.14783478900926544,
                -0.3865307112838936, 0.1324898832376637,
                0.98897054996227918, -0.066209381110060236,
                0.39205554000258264, 0.0090623653586102606,
                0.9198969111196047 ]
        },
        {
            "type_id": "opencv-matrix",
            "rows": 3,
            "cols": 3,
            "dt": "d",
            "data": [ 0.90866962333652979, -0.15974774626474575,
                -0.38574625492515796, 0.1461563372548754,
                0.9871553105517028, -0.064519128402436704,
                0.39109824942805527, 0.0022473123737969825,
                0.92034618969244653 ]
        },
        {
            "type_id": "opencv-matrix",
            "rows": 3,
            "cols": 3,
            "dt": "d",
            "data": [ 0.90895281009984574, -0.16076164773771418,
                -0.38465631624639979, 0.14635710709713945,
                0.98698395786379889, -0.066650312239831699,
                0.39036442744408889, 0.0042848029319618175,
                0.9206504517188282 ]
        },
        {
            "type_id": "opencv-matrix",
            "rows": 3,
            "cols": 3,
            "dt": "d",
            "data": [ 0.90724199167134034, -0.1809426678092721,
                -0.37969951213332442, 0.16610545373726426,
                0.98349149113184509, -0.071787638977731355,
                0.38642068628239662, 0.0020586008168165348,
                0.92232034314316091 ]
        },
        {
            "type_id": "opencv-matrix",
            "rows": 3,
            "cols": 3,
            "dt": "d",
            "data": [ 0.90523476072300335, -0.19433581985764334,
                -0.37786719505538718, 0.18184408412066153,
                0.98091424667179805, -0.068847438199371808,
                0.3840348383273135, -0.0063898197592900082,
                0.92329649254958046 ]
        },
        {
            "type_id": "opencv-matrix",
            "rows": 3,
            "cols": 3,
            "dt": "d",
            "data": [ 0.90326233117492716, -0.20256216306594263,
                -0.37826674605955524, 0.19078410019273062,
                0.97921810557924027, -0.068799191997097706,
                0.38434175962818212, -0.010023562233554361,
                0.92313646878782885 ]
        },
        {
            "type_id": "opencv-matrix",
            "rows": 3,
            "cols": 3,
            "dt": "d",
            "data": [ 0.89764506480460216, -0.24080204629097177,
                -0.36911747741609785, 0.22495890227893042,
                0.97055719272619223, -0.086094296750196475,
                0.37898130549857084, -0.0057541419458563186,
                0.92538643816141231 ]
        },
        {
            "type_id": "opencv-matrix",
            "rows": 3,
            "cols": 3,
            "dt": "d",
            "data": [ 0.89419765198456314, -0.24774415991560356,
                -0.37287181498875338, 0.23106756370023121,
                0.96880647374363926, -0.089564487594438219,
                0.38342970697500012, -0.006070227353787214,
                0.92355011350166505 ]
        },
        {
            "type_id": "opencv-matrix",
            "rows": 3,
            "cols": 3,
            "dt": "d",
            "data": [ 0.89021179787169535, -0.26674616995717365,
                -0.36928232525159349, 0.2498948708673305,
                0.96372621339505049, -0.093724805304877479,
                0.38088778983349525, -0.0088468315467047087,
                0.92457894477829139 ]
        },
        {
            "type_id": "opencv-matrix",
            "rows": 3,
            "cols": 3,
            "dt": "d",
            "data": [ 0.86942199048118818, -0.30170238878308742,
                -0.39125576170876875, 0.27939147399400849,
                0.95335031558088856, -0.11429601935883292,
                0.40748718596685324, -0.0099420513174282889,
                0.91315680410782474 ]
        },
        {
            "type_id": "opencv-matrix",
            "rows": 3,
            "cols": 3,
            "dt": "d",
            "data": [ 0.86536144069872556, -0.3064433978884854,
                -0.39653754026874533, 0.28463202538519455,
                0.95178768696945115, -0.11438885023665353,
                0.4124732561960216, -0.013879582987294671,
                0.91086396904211187 ]
        },
        {
            "type_id": "opencv-matrix",
            "rows": 3,
            "cols": 3,
            "dt": "d",
            "data": [ 0.86327936307727138, -0.31764443079948501,
                -0.39223813795572354, 0.29426588683128935,
                0.9481379856504254, -0.12017465628887057,
                0.41006868831001508, -0.011678002775508234,
                0.91197987648789614 ]
        },
        {
            "type_id": "opencv-matrix",
            "rows": 3,
            "cols": 3,
            "dt": "d",
            "data": [ 0.86064790275217162, -0.32027546819432945,
                -0.39586463843237263, 0.29342875700891524,
                0.94730800959807349, -0.12847995762584508,
                0.41615472128583675, -0.0055820627226231692,
                0.90927668425362562 ]
        },
        {
            "type_id": "opencv-matrix",
            "rows": 3,
            "cols": 3,
            "dt": "d",
            "data": [ 0.8442325680597258, -0.3370480532687814,
                -0.41673730432372691, 0.30547609907529266,
                0.94146202035653559, -0.14259599265032519,
                0.44040404621327356, -0.0069191049937552523,
                0.89777302368976397 ]
        },
        {
            "type_id": "opencv-matrix",
            "rows": 3,
            "cols": 3,
            "dt": "d",
            "data": [ 0.84216739861156487, -0.34120153110775392,
                -0.41753513371398521, 0.30915129091872878,
                0.93996153141348449, -0.14456070969008197,
                0.44179129918901067, -0.0073372087704644522,
                0.89708785151084502 ]
        },
        {
            "type_id": "opencv-matrix",
            "rows": 3,
            "cols": 3,
            "dt": "d",
            "data": [ 0.84010339861095928, -0.34551344494321212,
                -0.4181467912178583, 0.31569716107146861,
                0.93831661944551692, -0.1410575207628143,
                0.44109135350143952, -0.013504852306145584,
                0.89736059464991924 ]
        },
        {
            "type_id": "opencv-matrix",
            "rows": 3,
            "cols": 3,
            "dt": "d",
            "data": [ 0.83871142206429228, -0.3492268234361941,
                -0.41785616698998174, 0.32152295141521769,
                0.93684712535750425, -0.13762432714686768,
                0.4395294554545135, -0.018923252945678082,
                0.89802882375000204 ]
        },
        {
            "type_id": "opencv-matrix",
            "rows": 3,
            "cols": 3,
            "dt": "d",
            "data": [ 0.83749218666960901, -0.35557685703823261,
                -0.41493606255201615, 0.32987500683333881,
                0.93434078288241162, -0.1348694973275526,
                0.43564815750105323, -0.023924886237861865,
                0.89979902349604846 ]
        },
        {
            "type_id": "opencv-matrix",
            "rows": 3,
            "cols": 3,
            "dt": "d",
            "data": [ 0.84066375727194254, -0.3510745817145286,
                -0.41234825728186464, 0.32443549649191744,
                0.9361383654244152, -0.13559708476419094,
                0.43361971337274841, -0.019788856825831678,
                0.90087865182834792 ]
        },
        {
            "type_id": "opencv-matrix",
            "rows": 3,
            "cols": 3,
            "dt": "d",
            "data": [ 0.82502024388168704, -0.35246446841348955,
                -0.44171302413603258, 0.31411777605251356,
                0.93580099768392677, -0.16002035964710942,
                0.46975697967483715, -0.006729876652947166,
                0.88277012228949514 ]
        },
        {
            "type_id": "opencv-matrix",
            "rows": 3,
            "cols": 3,
            "dt": "d",
            "data": [ 0.83204245257438492, -0.35663722499104877,
                -0.42487085904388394, 0.32013351957104125,
                0.93422866284128836, -0.15726199532257068,
                0.45301201613319364, -0.0051667471839570173,
                0.8914894379421866 ]
        },
        {
            "type_id": "opencv-matrix",
            "rows": 3,
            "cols": 3,
            "dt": "d",
            "data": [ 0.83130414432457433, -0.35718995006184817,
                -0.42585063015522606, 0.32377650527598023,
                0.93395360930089566, -0.15132557716758585,
                0.45177670840810408, -0.012082849359510615,
                0.89204921976945528 ]
        },
        {
            "type_id": "opencv-matrix",
            "rows": 3,
            "cols": 3,
            "dt": "d",
            "data": [ 0.83528031270868408, -0.3626657724984409,
                -0.41325577631703292, 0.33331797935729823,
                0.93175533735506177, -0.14398304048575583,
                0.43727099588064539, -0.017479381238035663,
                0.89915991202515466 ]
        },
        {
            "type_id": "opencv-matrix",
            "rows": 3,
            "cols": 3,
            "dt": "d",
            "data": [ 0.81305456114777053, -0.36749551634339395,
                -0.45154105689772001, 0.32690542301997555,
                0.9299622692366647, -0.16823502071900565,
                0.48174176173229766, -0.010826969275658672,
                0.87624634192638207 ]
        },
        {
            "type_id": "opencv-matrix",
            "rows": 3,
            "cols": 3,
            "dt": "d",
            "data": [ 0.80925529662717532, -0.37617016763125377,
                -0.45122263891025932, 0.33566715546705955,
                0.92645063819792994, -0.17034311175771522,
                0.48211349869249243, -0.013609554251460886,
                0.876003056165651 ]
        },
        {
            "type_id": "opencv-matrix",
            "rows": 3,
            "cols": 3,
            "dt": "d",
            "data": [ 0.80645453237421272, -0.37790834629769871,
                -0.45477067738765853, 0.33774708424444116,
                0.92570039807302718, -0.17031054016653713,
                0.48534317168109897, -0.016249763259146704,
                0.87417272372029142 ]
        },
        {
            "type_id": "opencv-matrix",
            "rows": 3,
            "cols": 3,
            "dt": "d",
            "data": [ 0.7963284217736788, -0.37781676051620089,
                -0.47235107721745151, 0.33289686305282545,
                0.92576696684156168, -0.17926294004775117,
                0.50501556732939501, -0.014492017734577119,
                0.8629885620197697 ]
        },
        {
            "type_id": "opencv-matrix",
            "rows": 3,
            "cols": 3,
            "dt": "d",
            "data": [ 0.79384983443181756, -0.3820133768364537,
                -0.47314714443879552, 0.3362389125231855,
                0.92404023466027041, -0.1819149208674711,
                0.50670093159357976, -0.01467735149823197,
                0.86199694969019203 ]
        },
        {
            "type_id": "opencv-matrix",
            "rows": 3,
            "cols": 3,
            "dt": "d",
            "data": [ 0.79640666485998468, -0.38278443803561135,
                -0.46820134361656657, 0.3361075019650514,
                0.92376972403358393, -0.1835245053984059,
                0.50276055064952063, -0.011205844755222093,
                0.86435308627545981 ]
        },
        {
            "type_id": "opencv-matrix",
            "rows": 3,
            "cols": 3,
            "dt": "d",
            "data": [ 0.79597393716431808, -0.39189472640516715,
                -0.46135020837857466, 0.34583883137441457,
                0.91992520748569717, -0.18475149619414882,
                0.4968108232201805, -0.012495441097333642,
                0.86776890350085101 ]
        },
        {
            "type_id": "opencv-matrix",
            "rows": 3,
            "cols": 3,
            "dt": "d",
            "data": [ 0.79758564871431836, -0.3961517172503729,
                -0.4548856448433401, 0.34938579273722564,
                0.91813279272389126, -0.18698059460384941,
                0.49171811111483404, -0.0097975427842741727,
                0.87069932086630786 ]
        },
        {
            "type_id": "opencv-matrix",
            "rows": 3,
            "cols": 3,
            "dt": "d",
            "data": [ 0.78736336583549971, -0.40227506158308923,
                -0.46715490468207199, 0.35452473135213597,
                0.91538851578957048, -0.19072514260124132,
                0.5043522033260972, -0.015447976854275146,
                0.86335984097664664 ]
        },
        {
            "type_id": "opencv-matrix",
            "rows": 3,
            "cols": 3,
            "dt": "d",
            "data": [ 0.78481950543950507, -0.40860588449108826,
                -0.46593945426519434, 0.36175563842611658,
                0.91251862794371963, -0.19089948067667725,
                0.50318108266170292, -0.018734588732293452,
                0.86397790089586668 ]
        },
        {
            "type_id": "opencv-matrix",
            "rows": 3,
            "cols": 3,
            "dt": "d",
            "data": [ 0.78151318827661798, -0.40910077905999676,
                -0.47103470054999158, 0.35865875673508457,
                0.91237054550942154, -0.19734204798796695,
                0.51049097226783446, -0.014715306974229346,
                0.85975719070775725 ]
        },
        {
            "type_id": "opencv-matrix",
            "rows": 3,
            "cols": 3,
            "dt": "d",
            "data": [ 0.78075578496904341, -0.41267815553493953,
                -0.46916643548068748, 0.36091300486287614,
                0.91078737006464205, -0.20051974828326299,
                0.51006098376392439, -0.012771314537445547,
                0.86004342121009381 ]
        },
        {
            "type_id": "opencv-matrix",
            "rows": 3,
            "cols": 3,
            "dt": "d",
            "data": [ 0.77801819085877988, -0.41401772691301264,
                -0.47252197461558793, 0.36201473084453811,
                0.91015544500665824, -0.2014010937812635,
                0.51345207112678759, -0.014366200837913562,
                0.85799800869762888 ]
        },
        {
            "type_id": "opencv-matrix",
            "rows": 3,
            "cols": 3,
            "dt": "d",
            "data": [ 0.77557386030513475, -0.4151625939782736,
                -0.47552624299046165, 0.36205602719669472,
                0.90963618649586864, -0.20366011241232385,
                0.51710793881155759, -0.014213682791092875,
                0.85580216805028952 ]
        },
        {
            "type_id": "opencv-matrix",
            "rows": 3,
            "cols": 3,
            "dt": "d",
            "data": [ 0.77421826625509826, -0.41518997502901717,
                -0.47770635418879981, 0.36008971599339323,
                0.90965896621937126, -0.20701681480619655,
                0.52050117447777899, -0.011740945963177913,
                0.85378022790126851 ]
        },
        {
            "type_id": "opencv-matrix",
            "rows": 3,
            "cols": 3,
            "dt": "d",
            "data": [ 0.77693431642116528, -0.42487336566843736,
                -0.46460272396182961, 0.37149317265896936,
                0.90517150483664877, -0.20653660571320256,
                0.50829704960283795, -0.012131363374844573,
                0.86109635894464043 ]
        },
        {
            "type_id": "opencv-matrix",
            "rows": 3,
            "cols": 3,
            "dt": "d",
            "data": [ 0.76031402160992678, -0.43590392897261304,
                -0.48157071469264007, 0.37989846143192191,
                0.8997767194313725, -0.21466022959779205,
                0.52687735531620494, -0.019738791137197387,
                0.84971208805067788 ]
        },
        {
            "type_id": "opencv-matrix",
            "rows": 3,
            "cols": 3,
            "dt": "d",
            "data": [ 0.76128623354872504, -0.43432489664548474,
                -0.48146147796379962, 0.37493635581839702,
